[H[2J[3JComputation if checked for correctness
Performance is evaluated
Computation if checked for correctness
Performance is evaluated
mpi_printfs on fd
f00.log output
A:
6.00 7.00 0.00 2.00 0.00 1.00 7.00 6.00 
0.00 0.00 3.00 5.00 7.00 3.00 5.00 0.00 
2.00 0.00 5.00 7.00 1.00 1.00 3.00 0.00 
6.00 1.00 1.00 1.00 2.00 4.00 4.00 0.00 
3.00 4.00 3.00 3.00 5.00 2.00 2.00 5.00 
3.00 5.00 3.00 2.00 0.00 0.00 2.00 2.00 
0.00 7.00 1.00 1.00 0.00 5.00 1.00 7.00 
6.00 3.00 0.00 0.00 7.00 4.00 0.00 2.00 

B:
6.00 7.00 0.00 2.00 
0.00 1.00 7.00 6.00 
0.00 0.00 3.00 5.00 
7.00 3.00 5.00 0.00 
2.00 0.00 5.00 7.00 
1.00 1.00 3.00 0.00 
6.00 1.00 1.00 1.00 
2.00 4.00 4.00 0.00 

CRing:
105.00 87.00 93.00 61.00 
82.00 23.00 83.00 69.00 
82.00 39.00 61.00 39.00 
75.00 54.00 41.00 41.00 
73.00 58.00 105.00 82.00 
48.00 42.00 64.00 53.00 
32.00 44.00 101.00 48.00 
58.00 57.00 76.00 79.00 

CFox:
105.00 87.00 93.00 61.00 
82.00 23.00 83.00 69.00 
82.00 39.00 61.00 39.00 
75.00 54.00 41.00 41.00 
73.00 58.00 105.00 82.00 
48.00 42.00 64.00 53.00 
32.00 44.00 101.00 48.00 
58.00 57.00 76.00 79.00 

CSeq:
105.00 87.00 93.00 61.00 
82.00 23.00 83.00 69.00 
82.00 39.00 61.00 39.00 
75.00 54.00 41.00 41.00 
73.00 58.00 105.00 82.00 
48.00 42.00 64.00 53.00 
32.00 44.00 101.00 48.00 
58.00 57.00 76.00 79.00 



f01.log output


f02.log output


f03.log output


matrix_mul 0.000 seconds seq_matrix_mul 0.000 seconds CORRECT matrix multiplication result matrix_mul 0.000 seconds seq_matrix_mul 0.000 seconds CORRECT matrix multiplication result
